  
 #  = Wall   
   |  = No wall 没有墙壁
   -  = No wall 
 方向：上北下南左西右东。 
如图是一个城堡的地形图。on.

请你编写一个程序，计算城堡一共有多少房间，最大的房间有多大。

城堡被分割成 m∗n个方格区域，每个方格区域可以有0~4面墙。

注意：墙体厚度忽略不计

输入格式
第一行包含两个整数 m 和 n，分别表示城堡南北方向的长度和东西方向的长度。

接下来 m 行，每行包含 n 个整数，每个整数都表示平面图对应位置的方块的墙的特征。

每个方块中墙的特征由数字 P 来描述，我们用1表示西（左）墙，2表示北（上）墙，4表示东（由）墙，8表示南（下）墙，P 为该方块包含墙的数字之和。

例如，如果一个方块的 P 为3，则 3 = 1 + 2，该方块包含西墙和北墙。

如果一个方块的P为11，则 11=1+2+8，该放开包括西墙、北墙和南墙。

城堡的内墙被计算两次，方块(1,1)的南墙同时也是方块(2,1)的北墙。

输入的数据保证城堡至少有两个房间。




10 10
11 2 14 11 2 14 11 2 14 15
15 13 11 14 13 3 10 0 14 7
3 14 7 15 3 0 10 4 3 4
9 6 9 2 12 13 7 9 0 12
11 0 6 1 14 15 5 15 9 14
3 0 8 0 14 15 9 10 10 14
9 12 15 9 14 11 6 7 11 14
7 3 2 10 14 11 0 4 11 6
13 13 9 2 6 11 8 4 11 12
15 15 15 9 8 10 10 8 10 14


19
42
https://www.bilibili.com/video/BV1rKzPBGEfH/?spm_id_from=333.1387.homepage.video_card.click&vd_source=398d1f1b78a749026d665c575cad4731